********************************************************************************
STREME - Sensitive, Thorough, Rapid, Enriched Motif Elicitation
********************************************************************************
MEME version 5.5.2 (Release date: Sun Jan 29 10:33:12 2023 -0800)

For further information on how to interpret these results please access https://meme-suite.org/meme.
To get a copy of the MEME Suite software please access https://meme-suite.org.

********************************************************************************


********************************************************************************
REFERENCE
********************************************************************************
If you use this program in your research, please cite:

Timothy L. Bailey,
"STREME: accurate and versatile sequence motif discovery",
Bioinformatics, Mar. 24, 2021.
********************************************************************************


ALPHABET= ACGT

strands: + -

Background letter frequencies
A 0.317 C 0.183 G 0.183 T 0.317 

MOTIF 1-AATATAAATCA STREME-1
letter-probability matrix: alength= 4 w= 11 nsites= 35 E= 3.1e-001
 0.955052 0.001113 0.001113 0.042722
 0.995848 0.001113 0.001113 0.001926
 0.001926 0.001113 0.001113 0.995848
 0.995848 0.001113 0.001113 0.001926
 0.246703 0.001113 0.001113 0.751071
 0.995848 0.001113 0.001113 0.001926
 0.995848 0.001113 0.001113 0.001926
 0.914256 0.001113 0.001113 0.083518
 0.001926 0.001113 0.001113 0.995848
 0.001926 0.995035 0.001113 0.001926
 0.598728 0.001113 0.286686 0.113473

MOTIF 2-CTTTCTTAAAWVRHA STREME-2
letter-probability matrix: alength= 4 w= 15 nsites= 29 E= 3.1e-001
 0.002040 0.994743 0.001178 0.002040
 0.045238 0.001178 0.001178 0.952405
 0.002040 0.001178 0.001178 0.995604
 0.002040 0.087575 0.001178 0.909207
 0.002040 0.994743 0.001178 0.002040
 0.002040 0.001178 0.001178 0.995604
 0.045238 0.044377 0.044377 0.866008
 0.952405 0.001178 0.001178 0.045238
 0.909207 0.087575 0.001178 0.002040
 0.606818 0.217171 0.001178 0.174833
 0.606818 0.001178 0.001178 0.390825
 0.434024 0.217171 0.346766 0.002040
 0.650016 0.001178 0.346766 0.002040
 0.218032 0.433163 0.087575 0.261230
 0.995604 0.001178 0.001178 0.002040

MOTIF 3-ACCAKCAACTA STREME-3
letter-probability matrix: alength= 4 w= 11 nsites= 58 E= 6.3e-001
 0.997873 0.000570 0.000570 0.000987
 0.280725 0.675920 0.021469 0.021885
 0.042784 0.844575 0.000570 0.112071
 0.885324 0.113119 0.000570 0.000987
 0.021885 0.000570 0.468398 0.509147
 0.000987 0.997457 0.000570 0.000987
 0.893379 0.000570 0.000570 0.105480
 0.600797 0.125963 0.000570 0.272670
 0.000987 0.976558 0.000570 0.021885
 0.308214 0.042368 0.000570 0.648848
 0.956076 0.000570 0.000570 0.042784

MOTIF 4-CATCAAAYGGMT STREME-4
letter-probability matrix: alength= 4 w= 12 nsites= 28 E= 1.3e+000
 0.001877 0.995161 0.001085 0.001877
 0.757375 0.001085 0.001085 0.240456
 0.001877 0.001085 0.001085 0.995953
 0.001877 0.995161 0.001085 0.001877
 0.995953 0.001085 0.001085 0.001877
 0.717612 0.001085 0.001085 0.280219
 0.995953 0.001085 0.001085 0.001877
 0.001877 0.557767 0.001085 0.439271
 0.001877 0.001085 0.995161 0.001877
 0.081403 0.001085 0.836108 0.081403
 0.479034 0.319189 0.160137 0.041640
 0.001877 0.001085 0.001085 0.995953

MOTIF 5-ATTAAAAACAAA STREME-5
letter-probability matrix: alength= 4 w= 12 nsites= 30 E= 1.3e+000
 0.995796 0.001127 0.001127 0.001950
 0.070301 0.042431 0.001127 0.886142
 0.001950 0.001127 0.042431 0.954493
 0.954493 0.001127 0.042431 0.001950
 0.896379 0.001127 0.083735 0.018760
 0.995796 0.001127 0.001127 0.001950
 0.706669 0.001127 0.207646 0.084558
 0.995796 0.001127 0.001127 0.001950
 0.043254 0.912365 0.042431 0.001950
 0.747973 0.001127 0.001127 0.249774
 0.954493 0.001127 0.001127 0.043254
 0.995796 0.001127 0.001127 0.001950

MOTIF 6-KCAACCAATMTRGC STREME-6
letter-probability matrix: alength= 4 w= 14 nsites= 28 E= 1.3e+000
 0.001877 0.001085 0.597530 0.399508
 0.200693 0.796345 0.001085 0.001877
 0.995953 0.001085 0.001085 0.001877
 0.836901 0.160137 0.001085 0.001877
 0.001877 0.875872 0.120374 0.001877
 0.001877 0.995161 0.001085 0.001877
 0.956190 0.001085 0.040848 0.001877
 0.995953 0.001085 0.001085 0.001877
 0.160929 0.160137 0.001085 0.677849
 0.598323 0.398715 0.001085 0.001877
 0.001877 0.040848 0.001085 0.956190
 0.638086 0.040848 0.319189 0.001877
 0.200693 0.001085 0.796345 0.001877
 0.001877 0.836108 0.001085 0.160929

MOTIF 7-AGTTTGAGTAT STREME-7
letter-probability matrix: alength= 4 w= 11 nsites= 44 E= 2.3e+000
 0.855233 0.000647 0.024373 0.119747
 0.001120 0.000647 0.997112 0.001120
 0.048571 0.024373 0.000647 0.926409
 0.072296 0.000647 0.237901 0.689156
 0.001120 0.048098 0.095549 0.855233
 0.001120 0.024373 0.925936 0.048571
 0.973860 0.000647 0.000647 0.024846
 0.001120 0.024373 0.712408 0.262099
 0.096022 0.142999 0.214175 0.546804
 0.736606 0.000647 0.024373 0.238374
 0.024846 0.024373 0.024373 0.926409

MOTIF 8-AAAACRTTTGM STREME-8
letter-probability matrix: alength= 4 w= 11 nsites= 30 E= 2.5e+000
 0.995604 0.001178 0.001178 0.002040
 0.995604 0.001178 0.001178 0.002040
 0.995604 0.001178 0.001178 0.002040
 0.909207 0.001178 0.044377 0.045238
 0.002040 0.994743 0.001178 0.002040
 0.606818 0.001178 0.389964 0.002040
 0.045238 0.001178 0.001178 0.952405
 0.002040 0.001178 0.001178 0.995604
 0.002040 0.001178 0.001178 0.995604
 0.045238 0.001178 0.951544 0.002040
 0.390825 0.605957 0.001178 0.002040

MOTIF 9-ATTTCCAAATCG STREME-9
letter-probability matrix: alength= 4 w= 12 nsites= 36 E= 2.5e+000
 0.997185 0.000755 0.000755 0.001306
 0.250276 0.000755 0.000755 0.748215
 0.001306 0.000755 0.000755 0.997185
 0.277939 0.083745 0.000755 0.637562
 0.001306 0.913643 0.000755 0.084296
 0.001306 0.996633 0.000755 0.001306
 0.803542 0.028418 0.166734 0.001306
 0.941858 0.028418 0.028418 0.001306
 0.886531 0.083745 0.000755 0.028969
 0.111959 0.028418 0.000755 0.858868
 0.277939 0.692337 0.028418 0.001306
 0.277939 0.028418 0.692337 0.001306

MOTIF 10-AACAAGCGAMAY STREME-10
letter-probability matrix: alength= 4 w= 12 nsites= 30 E= 2.5e+000
 0.996108 0.001043 0.001043 0.001806
 0.881381 0.001043 0.001043 0.116533
 0.001806 0.957103 0.039286 0.001806
 0.843138 0.001043 0.039286 0.116533
 0.766654 0.001043 0.001043 0.231260
 0.001806 0.115770 0.880618 0.001806
 0.040048 0.957103 0.001043 0.001806
 0.001806 0.001043 0.727649 0.269502
 0.881381 0.001043 0.001043 0.116533
 0.613684 0.345225 0.039286 0.001806
 0.957866 0.001043 0.001043 0.040048
 0.040048 0.612922 0.001043 0.345987

********************************************************************************
Stopped because maximum number of motifs (10) reached.
********************************************************************************
COMMAND:	streme -p /Users/pranavmahableshwarkar/BrownUniversity/LarschanLab/Analytics/PM_NewScripts/dnarna_bindcompare/SampleOut/sequences.fasta --dna --nmotifs 10 --oc /Users/pranavmahableshwarkar/BrownUniversity/LarschanLab/Analytics/PM_NewScripts/dnarna_bindcompare/SampleOut/motifanalysis
********************************************************************************
CPU:		pranavs-mbp-5.devices.brown.edu
********************************************************************************
FINALTIME:	14.23 seconds
********************************************************************************
